    2                         1                       0                       1                       4                           0                       2                           6
[[2, 3, 4, 4, 6, 9, 6, 2], [2, 2, 12, 12, 1, 1], [6, 10, 4, 2, 4, 10, 6], [2, 2, 12, 12, 1, 1], [2, 2, 3, 2, 2, 12, 12, 1], [6, 10, 4, 2, 4, 10, 6], [2, 3, 4, 4, 6, 9, 6, 2], [5, 8, 5, 4, 3, 6, 7, 5]]
    2                       7                           0                          0                    3                       3                           7                       2
[[2, 3, 4, 4, 6, 9, 6, 2], [1, 2, 3, 5, 4, 5, 3, 1], [6, 10, 4, 2, 4, 10, 6], [6, 10, 4, 2, 4, 10, 6], [4, 3, 2, 3, 7, 11, 7], [4, 3, 2, 3, 7, 11, 7], [1, 2, 3, 5, 4, 5, 3, 1, 2, 3, 4, 4, 6, 9, 6, 2]]
[[2, 3, 4, 4, 6, 9, 6, 2], [1, 2, 3, 5, 4, 5, 3, 1], [6, 10, 4, 2, 4, 10, 6], [6, 10, 4, 2, 4, 10, 6], [4, 3, 2, 3, 7, 11, 7], [4, 3, 2, 3, 7, 11, 7], [1, 2, 3, 5, 4, 5, 3, 1], [2, 3, 4, 4, 6, 9, 6, 2]]
    2                       1                           0                           1                   4                       0                       2                           9
[[2, 3, 4, 4, 6, 9, 6, 2], [2, 2, 12, 12, 1, 1], [6, 10, 4, 2, 4, 10, 6], [2, 2, 12, 12, 1, 1], [2, 2, 3, 2, 2, 12, 12, 1], [6, 10, 4, 2, 4, 10, 6], [2, 3, 4, 4, 6, 9, 6, 2], [5, 7, 5, 3, 4, 5, 8, 5]]
    2                           7                           0                       3                           5               9                           4                           4
[[1, 2, 3, 4, 4, 6, 9, 6, 2], [1, 2, 3, 5, 4, 5, 3, 1], [6, 10, 4, 2, 4, 10, 6], [4, 3, 2, 3, 7, 11, 6], [3, 4, 5, 6, 6, 7], [5, 7, 5, 3, 4, 5, 8, 5], [2, 2, 3, 2, 2, 12, 12, 1], [2, 2, 3, 2, 2, 12, 12, 1]]
    6                           5                   5               9                           2                           2                       3                       7
[[5, 8, 5, 4, 3, 6, 7, 5], [3, 4, 5, 6, 6, 7], [3, 4, 5, 6, 6, 7], [5, 7, 5, 3, 4, 5, 8, 5], [2, 3, 4, 4, 6, 9, 6, 2], [2, 3, 4, 4, 6, 9, 6, 2], [4, 3, 2, 3, 7, 11, 7], [1, 2, 3, 5, 4, 5, 3, 1]]
    0                       3                       0                       1                       8                           8                           1                   1
[[6, 10, 4, 2, 4, 10, 6], [4, 3, 2, 3, 7, 11, 7], [6, 10, 4, 2, 4, 10, 6], [2, 2, 12, 12, 1, 1], [4, 8, 7, 4, 4, 5, 8, 4], [4, 8, 7, 4, 4, 5, 8, 4], [2, 2, 12, 12, 1, 1], [2, 2, 12, 12, 1, 1]]